image_width: 1920
image_height: 1080
camera_name: imx291
camera_matrix:
  rows: 3
  cols: 3
  data:
    [
      1562.1639135,
      0.000000,
      1000.6636392,
      0.000000,
      1561.69189428,
      518.74494,
      0.000000,
      0.000000,
      1.000000,
    ]
distortion_model: plumb_bob
distortion_coefficients:
  rows: 1
  cols: 5
  data: [-0.333085921, 0.131443868, -0.0000461052631, -0.000085131578, 0.000000]
rectification_matrix:
  rows: 3
  cols: 3
  data:
    [
      1.000000,
      0.000000,
      0.000000,
      0.000000,
      1.000000,
      0.000000,
      0.000000,
      0.000000,
      1.000000,
    ]
projection_matrix:
  rows: 3
  cols: 4
  data:
    [
      1348.281250,
      0.000000,
      990.356846,
      0.000000,
      0.000000,
      1488.961548,
      500.128263,
      0.000000,
      0.000000,
      0.000000,
      1.000000,
      0.000000,
    ]
